Population: 1000
Min: 29576.634861421277
Avg: 30045.468587861003
Std: 281.40860795553436

Population: 10000
Min: 20792.044624224865
Avg: 21992.27983710988
Std: 652.9607419373444

Population: 100000
Min: 11510.227338953335
Avg: 12310.782943449882
Std: 461.1552443105939

Population: 1000000
Min: 6005.51686236568
Avg: 7392.817407296101
Std: 431.58253273079174

1705064323096