Population: 1000
Min: 3675.0
Avg: 4189.833333333333
Std: 205.99354089119163

Population: 10000
Min: 2372.0
Avg: 2703.766666666667
Std: 223.31184224954836

Population: 100000
Min: 2178.0
Avg: 2489.366666666667
Std: 167.6612623383476

Population: 1000000
Min: 2203.0
Avg: 2463.0333333333333
Std: 150.29936423314894

Seed: 1705065126041
Date and Time: 2024-01-12 14:12:14
---------------------------------------------------------

