Population: 1000
Min: 158029.70929213564
Avg: 160628.95604004955
Std: 1030.861756930879

Population: 10000
Min: 137944.54418250968
Avg: 140181.9759884616
Std: 1593.763913912006

Population: 100000
Min: 95551.36784625828
Avg: 97288.6473450412
Std: 1013.8484769090791

Population: 1000000
Min: 47863.406613237436
Avg: 50217.383525598
Std: 1212.5515838868237

Seed: 1705072901927
Date and Time: 2024-01-12 17:32:31
---------------------------------------------------------

