Population: 1000
Min: 2621.1738551731046
Avg: 2819.629879021145
Std: 64.87322734210161

Population: 10000
Min: 1670.899878818598
Avg: 1864.686575871835
Std: 75.44113607478725

Population: 100000
Min: 957.5835598564315
Avg: 1135.2056378621023
Std: 62.16107237576924

Population: 1000000
Min: 879.0842435196323
Avg: 964.1186652572867
Std: 56.20853019427691

Seed: 1705070610791
Date and Time: 2024-01-12 15:44:01
---------------------------------------------------------

